1003690556280537180
1028014625490489434
1028315807534559324
1045736432825815091
1060787957906296942
1066956434559995955
1083722867260264489
1084276817780805734
1117075549999857744
1119342137151074324
1129923129662259272
1130465637681082378
1136588939478704139
1155793219985100810
1157449928356929628
1171611621416771661
1174104881469063269
1174149436448964695
1180771448936202295
1186942427949437001
1187775133973233756
1193302052953133170
1194360919560568904
1197358406399426590
1199114164065550339
1203364586141777970
1211584601303023617
1215410256499449920
1215979167917805648
1233699690558652469
1238762980225585196
1243975600079769654
1247131934635851866
1249414469570789491
1251935213748097150
1254461856257675364
1263453675024810049
1264233560332701737
1269154921983512621
1286716899610333216
1290649933313081438
1300873721317298188
1306195896458940426
1309712151946203178
1315535761348497438
1318703982125777020
1323343036410892338
1327290844843217033
1333269485230231562
1346510264346087570
1349486028439687222
1367578647380103389
1370554301096792168
1384801793523056721
1385959518961270975
1393386598346784768
1403849441139495043
1422266498260402279
1423440425280082103
159985870458322944
338222603829510164
426537812993638400
529605700712792064
550613223733329920
607309522213666822
697518623455182898
724402664053538918
738808203483021362
770903178325393428
779004671653314581
787002691775496202
788992314223099924
815512153150849034
821319376044949574
839851874014330900
866072107490344960
869110761958555698
891888455557210112
901772238108393473
936721908978831393
946517777831841882
947213952851509279
955124937511825488
960631919329030244
981043285525155842
1062082128180936775
1097538211447832659
1114356750200623247
1119582766825209928
1168451842657767444
1177875331051442209
1221517464463212704
1243675576200331326
1272169756425977887
1276651742838263974
1279590228658749463
1315357284188160031
1339726600979353600
1390149818206261320
723237957406031923
888824020890439801
958078509790662737
988412102408540210
1195660703764324434
1307096433597350070
1340291214603190273
1359976054227468288
1376140464628961323
1384146568940097569
1397298107724726333
1406172791551688807
1421868581452251286
1422329594199146660
532600263849279518
804286818072920084
842992551879114763
896840203770146826
971192307586064444
